87 0.263219 0.111386 0.462979 0.120462
87 0.264542 0.657591 0.465624 0.064356
87 0.267188 0.560231 0.470916 0.080858
87 0.280416 0.472772 0.476207 0.057756
87 0.253960 0.388614 0.444460 0.084158
87 0.257928 0.299505 0.473561 0.064356
87 0.275125 0.208746 0.470916 0.080858
87 0.765882 0.152640 0.388902 0.094059
87 0.765882 0.238449 0.431232 0.070957
87 0.751331 0.311056 0.444460 0.070957
87 0.759268 0.400165 0.386257 0.077558
87 0.765882 0.476898 0.367737 0.062706
87 0.752654 0.556106 0.362446 0.062706
87 0.765882 0.636139 0.367737 0.057756
89 0.251314 0.812706 0.079368 0.249175
89 0.748686 0.804455 0.100533 0.262376