0 0.109145 0.912979 0.029499 0.125860
0 0.138643 0.916912 0.026549 0.149459
0 0.519912 0.936578 0.033923 0.120616
0 0.622419 0.935267 0.038348 0.117994
0 0.840708 0.965667 0.023599 0.068666
0 0.871681 0.964356 0.032448 0.071288
0 0.965339 0.876270 0.022124 0.115372
0 0.874631 0.851360 0.023599 0.097017
0 0.869469 0.760898 0.016224 0.052442
0 0.828171 0.797607 0.022124 0.125860
0 0.743363 0.813340 0.023599 0.094395
0 0.714602 0.931334 0.028024 0.104884
0 0.682153 0.927401 0.028024 0.091773
0 0.710177 0.839561 0.025074 0.068174
0 0.678466 0.840872 0.035398 0.076041
0 0.521386 0.783186 0.022124 0.091773
0 0.483776 0.809407 0.035398 0.102262
0 0.421091 0.815962 0.028024 0.094395
0 0.446903 0.756965 0.032448 0.081285
0 0.353245 0.715011 0.028024 0.081285
0 0.315634 0.750410 0.020649 0.078663
90 0.502212 0.505490 0.992625 0.989020