0 0.148968 0.756965 0.064897 0.186168
0 0.569322 0.595706 0.053097 0.162570
0 0.513274 0.532776 0.047198 0.173058
0 0.733776 0.490823 0.066372 0.167814
0 0.261799 0.287611 0.042773 0.117994
0 0.202065 0.284989 0.044248 0.144215
0 0.025074 0.345297 0.050147 0.196657
0 0.727876 0.236480 0.060472 0.115372
0 0.605457 0.321698 0.048673 0.086529
0 0.446903 0.309898 0.044248 0.115372
0 0.623894 0.115864 0.038348 0.089151
0 0.146755 0.119797 0.045723 0.060308
0 0.103245 0.050311 0.032448 0.041953
0 0.053097 0.077843 0.064897 0.149459
90 0.501475 0.504179 0.997050 0.991642