89 0.321883 0.422259 0.053435 0.844518
2 0.153944 0.832938 0.106870 0.231609
2 0.174300 0.641860 0.094148 0.150546
2 0.474555 0.968581 0.129771 0.062838
5 0.185751 0.287209 0.183206 0.280826
5 0.516539 0.288657 0.239186 0.301091
5 0.798346 0.259706 0.288804 0.214238
0 0.033715 0.827147 0.044529 0.260560
0 0.627863 0.856098 0.054707 0.225818
0 0.693384 0.945420 0.050891 0.109160
0 0.540712 0.540532 0.053435 0.144755
0 0.096056 0.595539 0.047074 0.162126
0 0.214377 0.511580 0.041985 0.086853
0 0.826336 0.931371 0.052163 0.127385
0 0.520992 0.808329 0.047074 0.205553
0 0.846056 0.560797 0.053435 0.127385